# One arXiv ID per line. Lines starting with # are ignored.
# Generated from a user-supplied link list on 2026-09-09.
2606.31498
2607.05775
2607.08066
2607.11250
2607.12227
2607.14275
2607.14611
2605.18747
2606.20363
2606.28277
2607.06906
2607.17598
2607.13285
2607.21503
2607.21557
2607.18476
2607.20548
2607.21653
2607.22520
2607.21627
2607.17352
2607.23809
2607.22925
2607.25398
2607.20709
2607.26375
2607.28430
2607.27250
2607.22917
2607.27497
2607.28802
2607.29678
2607.29377
2607.28956
2608.02276
2607.28576
2608.03451
2607.28568
2607.11881
2608.05446
2607.27853
2608.06370
2608.06871
2608.07222
2608.07885
2608.10218
2608.11095
2608.13560
2608.12645
2608.09874
2608.14036
2608.11323
2608.12610
2608.19013
2608.20316
2608.19880
2608.17981
2608.19202
2608.18300
2608.20614
2608.19741
2608.22752
2608.23041
2608.23552
2608.20319
2608.27454
2608.26418
2608.25593
2608.24735
2608.24358
2608.26133
2608.20631
2608.24876
2608.23067
2608.26733
2608.25756
2608.26131
2608.26070
2608.20622
2608.26263
2608.28281
2608.30785
2608.30730
2608.13940
2609.01437
2609.01481
2609.02737
2609.02730
2609.02042
2609.02749
2609.00546
2609.04170
2609.04148
2608.29606
2609.02702
2608.28978
2609.01588
2609.04611
2609.04681
2609.06674
